((("ims" .
   [1 0 0])
  ("meiro" .
   [0 0 3 0 0])
  ("mode" .
   [0 0 1 0])
  ("savetxt" .
   [0 0 0 0 1 0 0])
  ("flip" .
   [0 0 0 1])
  ("me" .
   [15 0])
  ("loadtxt" .
   [0 0 1 1 0 0 0])
  ("FileNotFoundError" .
   [0 0 1 0 0 0 0 0 0 0 0 0 0 0 0 0 0])
  ("pyplot" .
   [1 0 2 1 0 0])
  ("d_pix" .
   [0 1 1 0 0])
  ("E" .
   [1])
  ("atan" .
   [0 0 1 0])
  ("g_there" .
   [0 0 9 0 0 0 0])
  ("key_list" .
   [0 1 5 4 0 0 0 0])
  ("key_check" .
   [0 1 0 0 2 0 0 0 0])
  ("data_storage" .
   [0 0 6 0 0 1 0 0 0 0 0 0])
  ("test" .
   [0 0 1 1])
  ("test_answer" .
   [1 0 3 1 0 0 0 0 0 0 0])
  ("co" .
   [4 0])
  ("ast" .
   [1 0 0])
  ("okonomiyaki_list" .
   [0 0 1 0 0 0 0 0 0 0 0 0 0 0 0 0])
  ("okonomiyaki" .
   [0 0 0 1 0 0 0 0 0 0 0])
  ("x_data_instance" .
   [0 0 1 0 0 0 0 1 0 0 0 0 0 0 0])
  ("copy" .
   [0 0 0 3])
  ("answer_data" .
   [0 0 1 2 0 0 0 0 0 0 0])
  ("new_img" .
   [0 0 3 6 1 1 0])
  ("img" .
   [5 0 0])
  ("resize" .
   [0 0 0 1 0 0])
  ("imread" .
   [0 0 1 2 0 0])
  ("cv2" .
   [4 1 0])
  ("takoyaki_list" .
   [0 0 7 0 0 0 0 0 0 0 0 0 0])
  ("station_" .
   [5 0 0 0 0 0 0 0])
  ("departure_name" .
   [0 1 0 0 0 0 0 0 0 0 0 0 0 0])
  ("spend_time" .
   [0 0 1 2 0 0 0 0 0 0])
  ("arrival_time" .
   [0 0 0 0 0 0 0 0 0 1 1 0])
  ("departure_time" .
   [0 0 0 1 0 0 0 0 0 0 0 0 0 0])
  ("arrival_name" .
   [0 0 0 4 1 0 0 0 0 0 0 0])
  ("lambda" .
   [0 0 2 0 0 0])
  ("key" .
   [5 1 0])
  ("current_longitude" .
   [0 0 1 0 0 0 0 0 0 0 0 0 0 0 0 0 0])
  ("shop_list" .
   [0 0 2 2 0 0 0 0 0])
  ("search" .
   [0 0 0 1 0 1])
  ("api" .
   [2 0 0])
  ("current_latitude" .
   [0 0 1 0 0 1 0 0 0 0 0 0 0 0 0 0])
  ("min_shop" .
   [0 0 0 0 1 0 0 0])
  ("test_list" .
   [0 0 2 1 0 0 0 0 0])
  ("ramdom" .
   [0 0 1 0 0 0])
  ("shop" .
   [1 0 1 2])
  ("getvalue" .
   [0 0 1 0 0 0 0 0])
  ("rettxt" .
   [0 0 0 1 0 0])
  ("page" .
   [0 0 1 0])
  ("decrypted_file" .
   [0 0 1 0 0 0 0 0 0 0 0 0 0 0])
  ("password_open" .
   [0 0 0 2 0 0 0 0 0 0 0 0 0])
  ("password" .
   [1 0 0 0 0 0 0 0])
  ("ps" .
   [1 0])
  ("convert_pdf_to_txt" .
   [0 0 1 0 0 0 0 0 0 0 0 0 0 0 0 0 0 0])
  ("throw_x" .
   [0 0 1 0 0 0 1])
  ("throw" .
   [0 0 2 1 0])
  ("kick_x" .
   [2 0 0 2 0 0])
  ("kick" .
   [1 0 4 2])
  ("kp_add" .
   [0 0 0 1 0 0])
  ("ge" .
   [2 0])
  ("kp_list" .
   [2 0 1 0 2 1 0])
  ("kpw_add" .
   [0 0 1 5 0 0 0])
  ("kpv_add" .
   [1 0 5 6 0 0 0])
  ("ev_list" .
   [0 0 1 1 0 0 0])
  ("kp_weight" .
   [1 0 1 0 2 0 0 0 0])
  ("kp_value" .
   [0 0 13 3 3 0 0 0])
  ("fr" .
   [29 0])
  ("de" .
   [5 0])
  ("roulette" .
   [0 0 1 1 0 0 0 0])
  ("set_parent" .
   [0 0 1 0 0 0 0 0 0 0])
  ("parent_t" .
   [4 0 0 0 0 0 0 0])
  ("cut" .
   [0 0 6])
  ("rate" .
   [0 0 1 0])
  ("start" .
   [0 0 0 1 0])
  ("kabu_data_list" .
   [0 0 2 0 0 0 0 0 0 0 0 0 0 0])
  ("que" .
   [1 0 0])
  ("insert" .
   [0 1 0 0 0 0])
  ("file_name_list" .
   [0 0 7 0 0 0 0 0 0 0 0 0 0 0])
  ("number_list" .
   [0 0 7 0 0 0 0 0 0 0 0])
  ("base_path" .
   [0 0 0 2 0 0 0 0 0])
  ("listdir" .
   [0 1 2 0 0 0 0])
  ("basename" .
   [0 1 0 1 0 0 0 0])
  ("dirname" .
   [0 0 1 0 0 0 0])
  ("add" .
   [1 0 1])
  ("value" .
   [1 0 3 0 0])
  ("db" .
   [5 2])
  ("Query" .
   [0 1 0 0 0])
  ("TinyDB" .
   [0 1 0 0 0 0])
  ("tinydb" .
   [0 0 1 0 0 0])
  ("access" .
   [0 0 1 1 0 0])
  ("make" .
   [2 0 0 2])
  ("execute" .
   [0 2 5 0 0 0 0])
  ("cursor" .
   [0 0 5 0 0 0])
  ("colorlist" .
   [0 0 2 1 0 0 0 0 0])
  ("case16_B" .
   [0 0 1 0 0 0 0 0])
  ("case16_A" .
   [0 0 0 1 0 0 0 0])
  ("bb" .
   [1 0])
  ("dB" .
   [2 1])
  ("aa" .
   [1 0])
  ("dA" .
   [3 1])
  ("sA" .
   [2 0])
  ("mahara" .
   [0 0 1 0 0 0])
  ("A_dis_g" .
   [2 0 0 0 0 0 0])
  ("inv" .
   [2 1 2])
  ("linalg" .
   [0 0 6 0 0 0])
  ("B_dis" .
   [0 0 1 0 0])
  ("A_dis" .
   [0 0 2 0 0])
  ("S12A" .
   [0 0 0 1])
  ("sca" .
   [1 0 0])
  ("zx" .
   [6 0])
  ("omega0" .
   [0 0 2 0 0 0])
  ("omwga" .
   [0 0 9 0 0])
  ("x2B_a" .
   [1 0 2 0 1])
  ("x2A_a" .
   [0 0 4 0 1])
  ("x1B_a" .
   [0 0 5 0 1])
  ("s22A" .
   [2 0 0 0])
  ("s12B" .
   [2 0 1 0])
  ("s22B" .
   [4 0 0 1])
  ("s12A" .
   [2 0 1 2])
  ("s11B" .
   [4 1 2 1])
  ("s11" .
   [1 0 0])
  ("s11A" .
   [1 2 2 2])
  ("x2B" .
   [10 0 1])
  ("x1A_a" .
   [0 1 7 1 0])
  ("mean" .
   [8 0 3 0])
  ("x2A" .
   [3 0 0])
  ("x1B" .
   [17 0 3])
  ("x1A" .
   [8 2 8])
  ("num" .
   [0 0 1])
  ("sin" .
   [1 0 1])
  ("cos" .
   [0 0 1])
  ("tree_select" .
   [0 0 1 0 0 0 0 0 0 0 0])
  ("p" .
   [6])
  ("networkx" .
   [0 0 1 0 0 0 0 0])
  ("G" .
   [2])
  ("net_work" .
   [0 0 9 1 0 0 0 0])
  ("node" .
   [2 0 0 0])
  ("n" .
   [1])
  ("nx" .
   [4 0])
  ("json" .
   [0 0 1 0])
  ("write_graph" .
   [0 0 1 0 0 0 0 1 0 0 0])
  ("ylabel" .
   [0 1 0 0 0 0])
  ("loss_data" .
   [1 0 2 0 0 0 0 0 0])
  ("learn_ok" .
   [0 0 0 2 0 0 0 0])
  ("experience_data" .
   [0 0 1 0 0 0 0 0 0 0 0 0 0 0 0])
  ("select_output" .
   [0 0 1 0 0 0 0 0 0 0 0 0 0])
  ("select_input" .
   [0 0 1 0 0 0 0 0 0 0 0 0])
  ("success_input" .
   [0 0 4 0 0 0 0 0 0 0 0 0 0])
  ("success_output" .
   [0 0 4 0 0 0 0 0 0 0 0 0 0 0])
  ("isfile" .
   [0 0 6 0 0 0])
  ("experience_output" .
   [0 0 1 0 0 0 0 0 0 0 0 0 0 0 0 0 0])
  ("experience_input" .
   [0 0 1 0 0 0 0 0 0 0 0 0 0 0 0 0])
  ("size" .
   [3 0 0 0])
  ("select_num" .
   [0 0 3 0 0 0 0 0 0 0])
  ("select_decision" .
   [0 0 1 0 0 0 0 0 0 0 0 0 0 0 0])
  ("axis" .
   [5 0 1 1])
  ("argmax" .
   [0 0 1 1 0 0])
  ("arrangement" .
   [0 0 0 1 0 0 0 0 0 0 0])
  ("delete_num" .
   [0 0 6 0 0 0 0 0 0 0])
  ("ra" .
   [3 0])
  ("out" .
   [1 2 0])
  ("data_string" .
   [0 0 10 0 0 0 0 0 0 0 0])
  ("cnn" .
   [3 0 0])
  ("action" .
   [0 0 6 0 0 0])
  ("action_storage" .
   [0 0 3 0 0 0 0 0 0 0 0 0 0 0])
  ("exception" .
   [0 0 1 0 0 0 0 0 0])
  ("elif" .
   [0 0 0 3])
  ("pos_y" .
   [2 0 2 6 0])
  ("pos_x" .
   [1 0 3 9 0])
  ("in" .
   [1 2])
  ("all_data" .
   [0 3 1 0 3 1 0 0])
  ("output_data_instance" .
   [0 1 1 0 0 1 0 0 0 0 0 0 0 0 0 0 0 0 0 0])
  ("input_data_instance" .
   [0 0 0 1 0 0 0 1 0 0 0 0 0 0 0 0 0 0 0])
  ("replace" .
   [0 0 2 4 0 1 0])
  ("h" .
   [6])
  ("jj" .
   [1 0])
  ("rr" .
   [1 0])
  ("dj_dt" .
   [0 0 1 1 0])
  ("dr_dt" .
   [0 0 3 0 0])
  ("j" .
   [14])
  ("time" .
   [0 0 8 1])
  ("next" .
   [0 0 1 1])
  ("label" .
   [0 0 1 0 0])
  ("bar" .
   [0 0 1])
  ("bou_dara" .
   [0 0 1 0 0 0 0 0])
  ("please" .
   [1 0 0 0 0 0])
  ("roop" .
   [0 0 0 1])
  ("savefig" .
   [1 2 12 1 1 0 0])
  ("astype" .
   [0 0 0 0 2 0])
  ("float32" .
   [1 0 2 0 0 0 0])
  ("mom" .
   [1 0 0])
  ("plot" .
   [3 0 7 2])
  ("plt" .
   [58 0 16])
  ("sec" .
   [3 0 2])
  ("matplotlib" .
   [0 0 1 1 1 0 0 0 0 0])
  ("input" .
   [1 0 0 5 1])
  ("CNN" .
   [3 3 0])
  ("net_storage" .
   [0 0 3 0 0 2 0 0 0 0 0])
  ("residual_block" .
   [0 0 1 0 0 0 0 0 0 0 0 0 0 0])
  ("conv_2d" .
   [0 1 2 0 0 0 0])
  ("shell" .
   [0 0 0 2 0])
  ("score_math" .
   [0 0 2 0 0 0 0 0 0 0])
  ("score_data" .
   [0 0 3 0 0 0 0 0 0 0])
  ("score_storage" .
   [0 0 7 0 0 0 0 0 0 0 0 0 0])
  ("input_data_storage" .
   [1 0 0 11 0 0 0 0 0 0 0 0 0 0 0 0 0 0])
  ("count" .
   [0 0 1 12 0])
  ("line" .
   [2 0 0 0])
  ("close" .
   [0 1 4 7 0])
  ("ip" .
   [1 0])
  ("input_storage" .
   [0 0 0 1 0 0 0 0 0 0 0 0 0])
  ("predict" .
   [0 1 0 1 0 0 0])
  ("b1" .
   [9 0])
  ("net2" .
   [15 0 0 0])
  ("W" .
   [8])
  ("w" .
   [27])
  ("final_data" .
   [0 0 3 1 0 0 0 0 0 0])
  ("mate_y" .
   [0 0 1 0 0 0])
  ("hstack" .
   [0 0 0 2 1 0])
  ("theirPlayer_y" .
   [2 0 0 0 0 0 0 0 0 0 0 0 0])
  ("theirPlayer_x" .
   [1 0 0 0 0 0 0 0 0 0 0 0 0])
  ("ourPlayer_y" .
   [1 0 0 0 0 0 0 0 0 0 0])
  ("_" .
   [1])
  ("ourPlayer_x" .
   [1 0 1 0 0 0 0 0 0 0 0])
  ("wm" .
   [2 0])
  ("teammate" .
   [0 0 2 0 0 0 0 0])
  ("write" .
   [1 36 9 1 6])
  ("f" .
   [54])
  ("number" .
   [0 0 5 5 0 0])
  ("maxmizum" .
   [0 0 2 0 0 0 0 0])
  ("sqrt" .
   [0 1 6 0])
  ("average_select" .
   [0 0 1 0 0 0 0 0 0 0 0 0 0 0])
  ("df_right" .
   [0 0 2 0 0 0 0 0])
  ("df_left" .
   [0 1 1 0 0 0 0])
  ("select_data" .
   [0 0 3 0 0 0 0 0 0 0 0])
  ("df_up" .
   [0 0 2 0 0])
  ("continue" .
   [0 0 0 4 1 0 0 0])
  ("break" .
   [0 0 2 6 1])
  ("classification" .
   [0 2 3 2 0 0 0 0 0 0 0 0 0 0])
  ("all_math" .
   [0 0 1 0 1 0 0 0])
  ("all" .
   [0 0 3])
  ("class" .
   [0 0 3 2 1])
  ("correlation" .
   [0 2 6 0 0 0 0 0 0 0 0])
  ("difference_right" .
   [0 0 1 0 0 0 0 0 0 0 0 0 0 0 0 0])
  ("difference_left" .
   [0 0 1 0 0 0 0 0 0 0 0 0 0 0 0])
  ("average_x1" .
   [1 0 0 0 0 0 0 0 0 0])
  ("average_y" .
   [5 0 1 0 0 0 0 0 0])
  ("average_x" .
   [2 0 1 0 0 0 0 0 0])
  ("difference_up" .
   [0 0 2 0 0 0 0 0 0 0 0 0 0])
  ("y1" .
   [1 0])
  ("x1" .
   [62 1])
  ("average" .
   [0 1 20 2 0 0 0])
  ("total" .
   [0 0 2 0 0])
  ("score" .
   [7 0 14 2 0])
  ("standard_mate_posx_data" .
   [0 0 0 0 0 0 0 0 0 1 0 0 0 0 0 0 0 0 0 0 0 0 0])
  ("if" .
   [1 0])
  ("standard" .
   [0 0 9 15 0 0 0 0])
  ("vstack" .
   [4 6 3 0 1 2])
  ("data_correct" .
   [0 0 1 0 0 0 0 0 0 0 0 0])
  ("opp_posy_data" .
   [0 0 2 2 0 0 0 0 0 0 0 0 0])
  ("opp_posx_data" .
   [0 2 0 3 0 0 0 0 0 0 0 0 1])
  ("mate_posy_data" .
   [1 1 4 0 0 0 0 0 0 0 0 0 0 0])
  ("mate_posx_data" .
   [0 1 9 0 0 0 0 0 0 0 0 0 0 1])
  ("correct_info" .
   [0 0 0 0 0 0 0 0 0 0 2 0])
  ("def" .
   [0 0 5])
  ("correct" .
   [0 0 4 1 0 0 0])
  ("g_y" .
   [4 0 0])
  ("g_x" .
   [1 1 2])
  ("g" .
   [1])
  ("True" .
   [0 1 6 0])
  ("team_select" .
   [0 0 1 0 0 0 0 0 0 0 0])
  ("team_name" .
   [0 0 1 0 0 0 0 0 0])
  ("randint" .
   [1 2 5 0 0 0 2])
  ("log_name" .
   [0 0 1 1 1 0 0 0])
  ("genetic_point" .
   [0 0 0 0 0 0 0 0 0 0 0 0 1])
  ("generate" .
   [0 0 1 0 0 0 0 0])
  ("role" .
   [1 0 1 0])
  ("center_data_string" .
   [0 0 4 0 0 0 0 0 0 0 0 0 0 0 0 0 0 0])
  ("center" .
   [0 0 1 0 0 0])
  ("center_data" .
   [0 0 1 0 0 0 0 0 0 0 0])
  ("bulk_generate" .
   [0 0 0 1 0 0 0 0 0 0 0 0 0])
  ("bool" .
   [0 0 1 0])
  ("change_data" .
   [0 0 3 3 0 0 0 0 0 0 0])
  ("False" .
   [0 0 3 1 0])
  ("split_data" .
   [2 0 2 0 0 0 4 0 1 0])
  ("change_file_name" .
   [0 0 0 1 0 0 0 0 0 0 0 0 0 0 0 0])
  ("read_file_name" .
   [0 0 0 1 0 0 0 0 0 0 0 0 0 0])
  ("fomation_data_y_dic" .
   [0 0 1 0 0 0 0 0 0 0 0 0 0 0 0 0 0 0 0])
  ("fomation_data_x_dic" .
   [0 0 1 0 0 0 0 0 0 0 0 0 0 0 0 0 0 0 0])
  ("fomation_string_list" .
   [0 0 1 0 0 0 0 0 0 0 0 0 0 0 0 0 0 0 0 0])
  ("fomation_data" .
   [0 2 12 0 0 0 0 0 0 0 0 0 0])
  ("fomation" .
   [0 0 2 0 0 0 0 0])
  ("os" .
   [0 1])
  ("cycle" .
   [0 0 9 0 0])
  ("reshape" .
   [0 0 0 1 0 0 0])
  ("append" .
   [17 12 73 11 0 5])
  ("np" .
   [269 0])
  ("numpy" .
   [3 0 6 8 2])
  ("nis" .
   [0 1 0])
  ("import" .
   [0 1 48 0 27 1])
  ("check_heap" .
   [0 0 1 0 0 0 0 0 0 0])
  ("return" .
   [0 0 0 3 4 3])
  ("left" .
   [0 0 2 1])
  ("right" .
   [0 0 1 1 0])
  ("socket" .
   [0 0 0 0 1 1])
  ("sever" .
   [2 0 0 1 0])
  ("bind_ip" .
   [2 0 0 0 1 0 0])
  ("bind_port" .
   [1 0 0 0 0 0 0 0 0])
  ("request" .
   [0 0 0 1 1 0 0])
  ("client_socket" .
   [0 0 1 1 0 0 0 0 0 0 0 0 0])
  ("addr" .
   [2 0 0 0])
  ("handle_client" .
   [1 0 0 0 1 0 0 0 0 0 0 0 0])
  ("client" .
   [1 0 0 0 0 0])
  ("client_handler" .
   [1 0 0 1 0 0 0 0 0 0 0 0 0 0])
  ("bind" .
   [2 0 0 0])
  ("print" .
   [0 12 510 22 1])
  ("dat" .
   [7 0 0])
  ("min" .
   [25 0 2])
  ("printf" .
   [1 0 1 0 0 0])
  ("s" .
   [28])
  ("storage" .
   [0 3 11 9 0 0 0])
  ("i" .
   [615])
  ("d" .
   [15])
  ("data" .
   [26 16 110 10])
  ("driver" .
   [0 0 1 1 2 0])
  ("click" .
   [0 0 0 1 0])
  ("element" .
   [0 0 0 1 1 0 0])
  ("range" .
   [0 5 6 17 14])
  ("host_url" .
   [0 0 0 1 0 0 0 0])
  ("name" .
   [18 0 8 3])
  ("era_name" .
   [0 0 7 0 0 0 0 0])
  ("url" .
   [6 0 1])
  ("sleep" .
   [0 0 0 3 0])
  ("cmd" .
   [0 0 1])
  ("pyautogui" .
   [1 0 0 0 0 0 0 0 0])
  ("string" .
   [0 2 9 0 0 0])
  ("random" .
   [0 1 18 4 0 0])
  ("map" .
   [0 0 3])
  ("x_change" .
   [0 6 21 0 0 0 0 0])
  ("r" .
   [195])
  ("y_change" .
   [0 1 3 1 0 0 0 0])
  ("y" .
   [85])
  ("change" .
   [0 2 0 4 0 1])
  ("x" .
   [99])
  ("for" .
   [1 9 9])
  ("len" .
   [0 7 13])
  ("x_storage" .
   [0 1 7 0 0 0 0 0 0])
  ("call" .
   [0 8 2 0])
  ("new_formation" .
   [0 1 2 0 0 0 0 0 0 0 0 0 0])
  ("uniform" .
   [0 3 3 0 0 0 1])
  ("round" .
   [0 0 4 0 0])
  ("y_storage" .
   [0 1 2 1 0 0 0 0 0])
  ("delete" .
   [2 2 2 0 3 0])
  ("check_output" .
   [0 0 1 0 0 0 0 0 0 0 0 0])
  ("file_data" .
   [0 0 12 1 0 0 0 0 0])
  ("split" .
   [4 0 27 1 6])
  ("glob" .
   [0 7 11 10])
  ("zeros" .
   [11 14 20 3 0])
  ("a" .
   [74])
  ("point" .
   [2 0 1 2 1])
  ("res_cmd" .
   [1 0 0 0 0 0 0])
  ("subprocess" .
   [0 0 8 4 2 0 0 0 0 0])
  ("getoutput" .
   [0 1 1 0 0 0 0 0 0])
  ("log_data" .
   [0 0 1 0 0 0 0 0])
  ("t" .
   [43])
  ("array" .
   [9 6 36 21 1])
  ("arange" .
   [0 1 2 1 1 1])
  ("genetic" .
   [0 0 10 1 0 0 0])
  ("high" .
   [0 0 1 0])
  ("side" .
   [0 0 1 0])
  ("vertical" .
   [0 0 1 0 0 0 0 0])
  ("math" .
   [0 0 34 7])
  ("evaluation" .
   [0 0 13 1 0 0 0 0 0 0])
  ("rank" .
   [2 0 3 0])
  ("b" .
   [38])
  ("selection" .
   [1 0 2 1 0 0 0 0 0])
  ("once" .
   [0 1 3 0])
  ("compile" .
   [0 0 1 0 0 0 0])
  ("pow" .
   [13 5 7])
  ("select_point" .
   [0 0 1 0 0 0 0 0 0 0 1 0])
  ("shuffle" .
   [0 0 4 0 0 0 0])
  ("permutation" .
   [0 0 3 0 0 0 0 0 0 0 0])
  ("select_parent" .
   [0 0 2 0 0 0 0 0 0 0 0 0 0])
  ("select" .
   [0 3 18 5 2 1])
  ("parent" .
   [0 0 29 2 1 0])
  ("type" .
   [0 0 3 0])
  ("variety" .
   [0 0 1 0 0 0 0])
  ("population" .
   [0 1 2 0 0 0 0 0 0 0])
  ("change_x" .
   [4 0 1 1 0 0 0 0])
  ("float" .
   [0 1 3 32 2])
  ("formation_name" .
   [0 0 5 0 4 1 0 0 0 0 0 0 0 0])
  ("data_x" .
   [1 0 0 0 0 0])
  ("formation_data_y" .
   [0 0 0 0 1 0 0 0 0 0 0 0 1 0 0 0])
  ("data_y" .
   [0 0 1 0 0 0])
  ("genetic_x" .
   [1 0 0 1 0 0 0 0 0])
  ("change_y" .
   [5 0 0 0 0 0 0 0])
  ("genetic_y" .
   [2 0 0 0 0 0 0 0 0])
  ("file_name" .
   [4 0 22 1 0 5 2 1 0])
  ("cut_name" .
   [0 0 2 0 0 0 0 0])
  ("while" .
   [0 3 2 2 0])
  ("minimum" .
   [0 0 4 0 1 0 0])
  ("maximum" .
   [0 0 8 0 0 0 0])
  ("children" .
   [0 0 3 1 0 0 0 0])
  ("mutation" .
   [0 1 0 0 0 0 0 0])
  ("mutation_rate" .
   [0 0 6 0 0 0 0 0 0 0 0 0 0])
  ("__init__" .
   [0 0 5 1 0 1 0 0])
  ("World" .
   [0 0 4 0 0])
  ("self" .
   [0 4 40 7])
  ("pos" .
   [11 0 0])
  ("posx_data" .
   [0 0 0 1 0 0 0 0 0])
  ("ourPlayer" .
   [0 0 2 0 0 0 0 0 0])
  ("unum" .
   [4 0 1 1])
  ("theirPlayer" .
   [0 0 2 0 0 0 0 0 0 0 0])
  ("ball" .
   [1 0 0 0])
  ("ball_posy" .
   [1 0 0 0 0 0 0 0 0])
  ("average_final" .
   [0 0 4 1 0 0 0 0 2 3 0 0 0])
  ("net1" .
   [9 0 1 0])
  ("model" .
   [15 0 14 11 12])
  ("tflearn" .
   [0 0 9 6 0 0 0])
  ("DNN" .
   [2 1 0])
  ("net3" .
   [9 0 4 1])
  ("fit" .
   [0 0 2])
  ("n_epoch" .
   [0 0 3 0 1 0 0])
  ("batch_size" .
   [0 0 5 0 0 1 0 0 0 0])
  ("validation_set" .
   [0 0 1 0 0 0 0 0 0 0 0 0 0 0])
  ("save" .
   [1 0 8 0])
  ("get_weights" .
   [0 2 2 3 0 0 0 0 0 0 2])
  ("learn" .
   [2 1 1 7 0])
  ("net" .
   [10 1 5])
  ("from" .
   [0 0 1 1])
  ("world_model" .
   [0 0 1 0 0 0 0 0 0 0 0])
  ("select_number" .
   [0 0 0 2 0 0 0 0 0 0 0 0 0])
  ("center_x" .
   [0 0 2 0 0 1 0 0])
  ("my_x" .
   [0 0 3 0])
  ("center_y" .
   [0 0 3 0 0 0 0 0])
  ("my_y" .
   [0 0 3 0])
  ("else" .
   [0 0 1 1])
  ("load" .
   [2 0 7 2])
  ("input_data" .
   [2 0 0 25 0 0 4 0 2 1])
  ("shape" .
   [0 1 4 2 0])
  ("None" .
   [0 0 5 0])
  ("fully_connected" .
   [0 0 2 1 0 0 0 0 0 0 0 0 0 0 0])
  ("activation" .
   [0 0 2 1 0 0 0 0 0 0])
  ("regression" .
   [0 0 2 0 0 0 0 0 0 0])
  ("optimizer" .
   [0 0 4 0 0 1 0 0 0])
  ("loss" .
   [5 0 2 2])
  ("net4" .
   [1 0 0 0])
  ("weight" .
   [0 0 15 2 0 0])
  ("weights" .
   [3 2 6 2 0 0 0])
  ("bias" .
   [0 0 2 3])
  ("open" .
   [0 0 9 1])
  ("str" .
   [0 1 2])
  ("output" .
   [1 0 4 0 0 0])
  ("answer_max" .
   [0 0 0 2 0 0 0 0 0 0])
  ("AssertionError" .
   [0 1 0 0 0 0 0 0 0 0 0 0 0 0])
  ("Hello" .
   [0 0 2 0 0])
  ("readline" .
   [0 1 0 0 0 0 0 0])
  ("readlines" .
   [2 2 8 0 0 0 0 0 2])
  ("data_line" .
   [0 0 0 0 0 1 0 0 0])
  ("math_data" .
   [0 0 17 2 0 0 0 0 0])
  ("output_data" .
   [0 2 17 4 1 0 0 0 0 0 0])
  ("output_data_storage" .
   [0 0 17 0 0 0 0 0 0 0 0 0 0 0 0 0 0 0 0])
  ("data_collect" .
   [0 0 1 1 0 0 0 0 0 0 0 0])
  ("main" .
   [16 0 3 6])
  ("total_score" .
   [0 0 6 0 0 0 0 0 0 0 0])
  ("game_start" .
   [0 0 1 0 0 0 0 0 0 0])
  ("string_data" .
   [0 0 3 0 0 0 0 0 0 0 0])
  ("show" .
   [8 1 3 3])
  ("title" .
   [0 0 0 0 1])
  ("xlabel" .
   [0 2 1 0 0 0])
  ("learning_rate" .
   [0 0 1 0 0 0 0 0 0 0 0 0 0])
  ("super" .
   [0 0 0 1 0])
  ("F" .
   [12])
  ("max" .
   [1 0 0])
  ("max_pooling_2d" .
   [0 0 0 0 1 0 0 0 0 0 0 0 0 0])
  ("relu" .
   [1 0 2 0])
  ("conv1" .
   [2 0 1 0 0])
  ("conv2" .
   [3 0 1 0 0])
  ("conv3" .
   [2 0 1 0 0])
  ("h0" .
   [3 0])
  ("h1" .
   [4 0])
  ("h2" .
   [6 0])
  ("tanh" .
   [0 1 3 0])
  ("fc_v" .
   [0 1 3 0])
  ("h3" .
   [6 0])
  ("out_v" .
   [1 0 1 0 0])
  ("forward" .
   [0 2 2 0 0 0 0])
  ("fc_v1" .
   [1 0 0 0 0])
  ("conv0" .
   [0 0 4 0 0])
  ("optimizers" .
   [0 0 1 0 0 0 0 0 0 0])
  ("sgd" .
   [0 0 1])
  ("x_train" .
   [0 0 5 2 0 1 0])
  ("mean_squared_error" .
   [0 0 1 0 0 0 0 0 0 0 0 0 0 0 0 0 0 0])
  ("y_train" .
   [0 2 0 0 0 0 0])
  ("Adam" .
   [0 0 1 0])
  ("SGD" .
   [1 0 0])
  ("t_train" .
   [0 2 4 0 0 0 0])
  ("f_w" .
   [8 0 1])
  ("c" .
   [8])
  ("e" .
   [2])
  ("dtype" .
   [5 0 4 1 0])
  ("log" .
   [1 0 0])
  ("check" .
   [1 0 3 3 0])
  ("file" .
   [0 0 11 3])
  ("path" .
   [3 1 11 0])
  ("sort" .
   [1 0 9 2])
  ("quiver" .
   [0 1 1 0 0 0])
  ("dr" .
   [6 1])
  ("dj" .
   [4 0])
  ("Cookpad" .
   [0 0 2 0 1 0 0])
  ("getRecipe" .
   [0 0 1 0 0 0 0 0 0])
  ("getLink" .
   [0 1 0 0 0 0 0])
  ("fc" .
   [2 0])
  ("get_material" .
   [0 0 1 0 0 0 0 0 0 0 0 0])
  ("RecordPlan" .
   [0 1 0 0 0 1 0 0 0 0])
  ("rp" .
   [1 0])
  ("cook_plan" .
   [0 0 2 0 0 0 0 0 0])
  ("update_phase" .
   [0 1 0 0 0 0 0 0 0 0 0 0])
  ("judge_over" .
   [0 1 0 0 0 0 0 0 0 0])
  ("res" .
   [4 0 0])
  ("reset_phase" .
   [0 0 0 0 0 0 0 1 0 0 0])
  ("set_phase" .
   [0 0 1 0 0 0 0 0 0])
  ("pop_phase" .
   [0 0 1 0 0 0 0 0 0])
  ("l2a" .
   [1 0 0])
  ("code" .
   [0 0 13 3])
  ("randrange" .
   [0 0 1 0 0 0 0 0 0])
  ("rnd_math" .
   [0 0 1 0 0 0 0 0])
  ("play" .
   [1 0 0 0])
  ("serializers" .
   [0 0 0 1 0 0 0 0 0 0 0])
  ("save_npz" .
   [0 0 0 0 0 1 0 0])
  ("Variable" .
   [0 1 0 0 0 1 0 0])
  ("com" .
   [1 0 0])
  ("content" .
   [0 0 0 0 1 0 0])
  ("epoch" .
   [0 0 4 0 0])
  ("send_slack" .
   [0 0 1 2 0 0 0 0 0 0])
  ("sum_loss" .
   [0 0 2 0 0 0 0 0])
  ("input_data1" .
   [3 0 0 0 0 0 0 0 0 0 0])
  ("A" .
   [3])
  ("LA" .
   [2 0])
  ("eig" .
   [0 2 0])
  ("v" .
   [10])
  ("softmax" .
   [0 0 2 1 0 0 0])
  ("slack" .
   [0 0 0 1 0])
  ("SLACK_URL" .
   [0 1 0 0 0 0 0 0 0])
  ("token" .
   [0 0 1 1 0])
  ("CHANNEL" .
   [0 0 1 0 0 0 0])
  ("files" .
   [1 0 0 0 0])
  ("loss_storage" .
   [0 0 2 0 0 0 0 0 0 0 0 0])
  ("x_data" .
   [1 1 42 1 0 0])
  ("route" .
   [0 0 1 0 0])
  ("x_point" .
   [0 0 0 1 0 0 0])
  ("y_point" .
   [0 0 3 1 0 0 0])
  ("mate_data" .
   [0 0 2 0 0 0 0 0 0])
  ("opp_data" .
   [0 0 1 0 0 0 0 0])
  ("data_num" .
   [0 0 6 0 0 0 0 0])
  ("variable_math" .
   [0 1 5 0 0 0 0 0 0 0 0 0 0])
  ("loss_average" .
   [0 0 2 2 0 0 0 0 0 0 0 0])
  ("row" .
   [3 0 0])
  ("reader" .
   [0 0 0 15 0 0])
  ("x3" .
   [7 0])
  ("x2" .
   [59 2])
  ("kaiki2" .
   [0 0 0 2 0 1])
  ("b2" .
   [1 0])
  ("b3" .
   [1 0])
  ("kaiki3" .
   [0 0 0 1 0 0])
  ("kaiki1" .
   [1 0 0 0 0 0])
  ("kaiki1_data" .
   [0 0 4 1 0 0 0 0 0 0 0])
  ("kaiki1_sca" .
   [0 0 2 0 0 0 0 0 0 0])
  ("ya" .
   [8 0])
  ("xa" .
   [13 0])
  ("Sxx" .
   [9 1 2])
  ("Sxy" .
   [11 2 1])
  ("kaiki1_hensa" .
   [0 0 2 0 0 0 0 0 0 0 0 0])
  ("yy" .
   [3 0])
  ("scatter" .
   [0 0 2 1 0 0 0])
  ("kaiki1_graph" .
   [0 0 1 0 0 0 0 0 0 0 0 0])
  ("SR" .
   [2 0])
  ("Syy" .
   [4 0 1])
  ("R2" .
   [4 0])
  ("Se" .
   [1 0])
  ("R2kome" .
   [0 0 1 0 0 0])
  ("value2" .
   [2 0 0 0 0 0])
  ("value3" .
   [1 0 0 0 0 0])
  ("month" .
   [2 0 9 3 0])
  ("and" .
   [0 0 1])
  ("final_day" .
   [0 0 4 0 0 0 0 0 0])
  ("year" .
   [3 1 6 0])
  ("day" .
   [9 1 2])
  ("day_name" .
   [0 0 4 0 0 0 0 0])
  ("requests" .
   [3 0 0 0 0 0 0 0])
  ("news" .
   [1 0 2 0])
  ("li" .
   [2 0])
  ("soup" .
   [0 0 3 0])
  ("find_all" .
   [0 0 1 0 0 0 0 0])
  ("class_" .
   [1 0 0 1 0 0])
  ("news_data" .
   [0 0 5 0 0 0 0 0 0])
  ("time_data" .
   [0 0 1 0 0 0 0 0 0])
  ("month_name" .
   [0 0 2 0 0 0 0 0 0 0])
  ("news_storage" .
   [0 0 1 0 0 0 0 0 0 0 0 0])
  ("connected_watts_strogatz_graph" .
   [0 0 0 0 0 0 0 0 1 0 0 0 0 0 0 0 0 0 0 0 0 0 0 0 0 0 0 0 0 0])
  ("average_shortest_path_length" .
   [0 0 1 0 0 0 0 0 0 0 0 0 0 0 0 0 0 0 0 0 0 0 0 0 0 0 0 0])
  ("average_clustering" .
   [0 0 1 0 0 0 0 0 0 0 0 0 0 0 0 0 0 0])
  ("L" .
   [4])
  ("C" .
   [3])
  ("G_init" .
   [0 0 1 0 0 0])
  ("l_storage" .
   [0 0 2 1 0 0 0 0 0])
  ("L_init" .
   [0 0 1 0 0 0])
  ("p_storage" .
   [0 0 1 2 0 0 0 0 0])
  ("semilogx" .
   [0 0 1 0 0 0 0 0])
  ("d_y_x1" .
   [0 0 5 0 0 0])
  ("d_y_x2" .
   [0 0 1 0 0 0])
  ("d_x" .
   [1 0 5])
  ("x1_a" .
   [0 0 3 9])
  ("x2_a" .
   [0 0 1 3])
  ("x1_2" .
   [1 0 0 3])
  ("x2_2" .
   [2 1 1 0])
  ("y_d" .
   [7 0 2])
  ("rmda" .
   [0 0 1 0])
  ("cr" .
   [7 0])
  ("M" .
   [5])
  ("R" .
   [4])
  ("v_d" .
   [2 0 4])
  ("z" .
   [19])
  ("z_a" .
   [5 0 1])
  ("zz" .
   [10 0])
  ("rpm" .
   [2 0 3])
  ("r2pm" .
   [0 0 4 0])
  ("y_s" .
   [0 0 3])
  ("xb" .
   [4 0])
  ("o" .
   [9])
  ("oo" .
   [5 0])
  ("P" .
   [10])
  ("o2" .
   [4 0])
  ("o1" .
   [3 0])
  ("prin" .
   [1 0 0 0])
  ("fish" .
   [0 0 1 0])
  ("commit" .
   [0 0 0 0 0 1])
  ("take_out" .
   [0 0 1 0 0 0 0 0])
  ("dp" .
   [2 0])
  ("sql_command" .
   [0 1 9 0 0 0 0 0 0 0 0])
  ("table_name" .
   [0 0 3 0 0 0 0 0 0 0])
  ("list" .
   [0 0 0 1])
  ("fetchall" .
   [0 1 0 0 0 0 0 0])
  ("ss" .
   [2 0])
  ("key_select" .
   [0 0 3 0 0 0 0 0 0 0])
  ("key_conditions" .
   [0 0 4 0 0 0 0 0 0 0 0 0 0 0])
  ("kabu" .
   [1 0 6 0])
  ("ch" .
   [8 0])
  ("ev" .
   [8 0])
  ("sum" .
   [1 0 9])
  ("crossover_rate" .
   [0 0 0 1 0 0 0 0 0 0 0 0 0 0])
  ("he" .
   [1 0])
  ("bs4" .
   [1 0 0])
  ("text" .
   [0 1 3 0])
  ("auth_token" .
   [0 0 1 0 0 0 0 0 0 0])
  ("get" .
   [0 1 1])
  ("d_x2" .
   [1 0 0 0])
  ("d_x4" .
   [1 0 0 0])
  ("System" .
   [0 0 6 0 0 0])
  ("int" .
   [0 0 2])
  ("latitude1" .
   [0 0 1 0 0 0 0 0 0])
  ("latitude2" .
   [0 0 1 0 0 0 0 0 0])
  ("longitude1" .
   [0 0 1 0 0 0 0 0 0 0])
  ("longitude2" .
   [0 0 1 0 0 0 0 0 0 0])
  ("min_dist" .
   [0 0 0 0 2 1 0 0])
  ("dist" .
   [0 0 1 0])
  ("earth_dist" .
   [0 0 0 1 0 0 0 0 0 0])
  ("latitude" .
   [0 0 0 1 0 0 0 0])
  ("longitude" .
   [0 0 0 1 0 0 0 0 0])
  ("file_list" .
   [0 0 3 0 0 0 0 0 0])
  ("station_data" .
   [1 0 1 4 0 2 1 0 0 0 0 0])
  ("station" .
   [3 0 2 5 0 0 0])
  ("station_place" .
   [0 0 1 2 0 0 0 0 0 0 0 1 0])
  ("x_y" .
   [1 0 0])
  ("station_search" .
   [0 0 0 1 0 0 0 0 0 0 0 0 0 0])
  ("min_dist_station" .
   [0 1 0 0 1 0 0 0 1 0 0 0 0 0 0 1])
  ("station_list" .
   [0 0 1 0 0 1 0 0 0 1 0 0])
  ("keys" .
   [0 2 2 0])
  ("station_main" .
   [0 0 1 1 0 0 0 0 0 1 0 0])
  ("v_sform" .
   [0 0 0 1 0 0 0])
  ("send_keys" .
   [0 0 1 0 0 0 0 0 0])
  ("v_sto" .
   [0 0 0 1 0])
  ("submit" .
   [0 0 1 0 0 0])
  ("v_f" .
   [1 0 0])
  ("la" .
   [1 0])
  ("lo" .
   [1 0])
  ("per_time" .
   [0 0 0 1 0 0 0 0])
  ("softmax_cross_entropy" .
   [0 1 1 0 0 0 0 0 0 0 0 0 0 0 0 0 0 0 0 0 1])
  ("TextSendMessage" .
   [0 0 1 0 0 0 0 0 0 0 0 0 0 0 0])
  ("tea" .
   [8 0 0])
  ("answer" .
   [0 0 0 3 0 0])
  ("int32" .
   [1 0 1 0 0])
  ("im" .
   [2 0])
  ("predictions" .
   [0 0 0 1 0 0 0 0 0 0 0])
  ("value_list" .
   [0 0 0 4 0 0 0 0 0 0])
  ("all_value" .
   [0 0 3 0 2 0 0 0 0])
  ("y_data" .
   [0 3 18 0 0 0])
  ("atanh" .
   [0 0 1 0 0])
  ("D" .
   [2])
  ("s_rad" .
   [0 0 1 0 0])
  ("pi" .
   [1 1])
  ("sight" .
   [0 0 4 2 0])
  ("slope" .
   [0 0 1 2 0])
  ("segment" .
   [0 0 2 0 0 0 0])
  ("png_name" .
   [0 0 1 0 0 0 0 0])
  ("clf" .
   [0 1 0])
  ("imshow" .
   [1 0 1 0 0 0])
  ("cmap" .
   [1 0 0 0])
  ("editable_points" .
   [0 0 1 0 0 0 0 0 0 0 0 0 0 0 0])
  ("maze" .
   [0 0 2 0])
  ("open_list" .
   [0 0 5 0 0 0 0 0 0])
  ("close_list" .
   [0 0 3 2 0 0 0 0 0 0])
  ("goal" .
   [0 0 2 0])
  ("==" .
   [2 0])
  ("!=" .
   [1 0])))
